1	1
1	2
1	3
2	4
2	5
2	6
3	7
3	8
3	9
3	10
3	11
3	12
3	13
3	14
4	15
4	16
4	17
4	18
4	19
4	20
5	13
6	2
6	7
6	9
6	10
6	13
6	14
6	16
6	19
6	21
6	22
6	23
6	24
6	25
6	26
6	27
6	28
6	29
6	30
6	31
6	32
6	33
6	34
6	35
6	36
6	37
6	38
6	39
6	40
6	41
6	42
6	43
6	44
6	45
6	46
6	47
6	48
6	49
6	50
6	51
6	52
6	53
6	54
6	55
6	56
6	57
6	58
7	14
8	11
8	28
8	29
8	32
8	44
8	48
8	49
8	55
8	59
8	60
8	61
8	62
8	63
8	64
8	65
8	66
8	67
8	68
8	69
8	70
8	71
8	72
8	73
8	74
8	75
8	76
8	77
8	78
8	79
8	80
8	81
8	82
8	83
8	84
8	85
8	86
8	87
8	88
8	89
8	90
8	91
8	92
8	93
8	94
8	95
8	96
8	97
8	98
8	99
8	100
8	101
8	102
8	103
8	104
8	105
8	106
8	107
8	108
9	38
9	40
9	44
9	109
9	110
9	111
9	112
9	113
10	36
10	38
10	40
10	44
10	111
10	114
10	115
10	116
11	2
11	7
11	9
11	10
11	13
11	15
11	16
11	18
11	19
11	24
11	25
11	28
11	33
11	35
11	36
11	38
11	39
11	40
11	44
11	53
11	54
11	65
11	69
11	79
11	106
11	109
11	111
11	114
11	116
11	117
11	118
11	119
11	120
11	121
11	122
11	123
11	124
11	125
11	126
11	127
11	128
11	129
11	130
11	131
11	132
11	133
11	134
11	135
11	136
11	137
12	14
12	34
12	82
12	138
13	14
13	88
14	14
15	46
15	65
15	120
15	139
16	5
16	6
16	14
16	18
16	21
16	28
16	36
16	43
16	60
16	65
16	120
16	122
16	140
16	141
16	142
16	143
16	144
16	145
16	146
16	147
16	148
17	13
17	69
17	149
18	150
19	26
19	49
20	43
21	138
22	43
22	75
23	124
24	27
24	69
24	70
24	142
24	151
24	152
24	153
25	14
26	5
26	6
26	14
26	15
26	16
26	79
26	80
26	81
26	154
26	155
26	156
27	36
27	80
27	149
28	8
28	14
28	36
28	80
28	149
29	15
29	16
30	12
30	157
31	12
31	18
32	3
32	12
32	13
32	18
32	19
32	40
32	47
32	71
32	75
32	88
32	121
32	141
32	158
32	159
32	160
32	161
33	7
33	18
33	19
33	24
33	27
33	46
33	59
33	68
33	69
33	70
33	117
33	118
33	119
33	127
33	151
33	162
33	163
33	164
34	11
34	14
34	16
34	22
34	29
34	46
34	122
34	124
34	130
34	140
34	141
34	165
34	166
34	167
34	168
34	169
34	170
35	6
35	9
35	10
35	14
35	16
35	17
35	18
35	19
35	24
35	27
35	28
35	44
35	46
35	58
35	68
35	86
35	88
35	109
35	125
35	171
35	172
35	173
35	174
36	16
36	17
36	19
36	34
36	47
36	68
36	75
36	79
36	80
36	81
36	155
36	158
36	175
36	176
36	177
36	178
36	179
37	1
37	20
37	168
38	12
38	14
38	18
38	22
38	29
38	34
38	55
38	56
38	57
38	68
38	70
38	77
38	106
38	111
38	120
38	121
38	124
38	126
38	157
38	160
38	168
38	178
38	180
38	181
38	182
38	183
38	184
38	185
38	186
38	187
38	188
38	189
38	190
39	13
40	8
40	28
40	43
40	52
40	55
40	71
40	75
40	106
40	136
40	158
40	191
40	192
40	193
40	194
40	195
40	196
41	2
41	7
41	8
41	9
41	10
41	14
41	33
41	37
41	38
41	39
41	40
41	47
41	50
41	52
41	124
41	131
41	178
42	18
42	19
43	5
43	6
44	10
44	92
44	108
44	125
44	138
44	148
44	162
44	164
44	197
44	198
44	199
45	200
46	14
46	164
47	154
48	44
49	14
49	88
49	125
49	148
49	180
49	201
49	202
50	1
50	2
50	3
50	5
50	6
50	7
50	8
50	9
50	10
50	12
50	13
50	14
50	15
50	16
50	17
50	18
50	19
50	21
50	23
50	24
50	25
50	26
50	27
50	28
50	29
50	30
50	31
50	32
50	34
50	35
50	36
50	37
50	38
50	39
50	40
50	41
50	42
50	43
50	44
50	45
50	46
50	47
50	48
50	49
50	50
50	51
50	52
50	55
50	56
50	59
50	60
50	65
50	68
50	69
50	70
50	71
50	72
50	75
50	76
50	77
50	78
50	79
50	80
50	81
50	82
50	83
50	84
50	86
50	87
50	88
50	94
50	96
50	106
50	109
50	110
50	117
50	118
50	119
50	120
50	121
50	122
50	123
50	125
50	126
50	128
50	129
50	130
50	131
50	134
50	138
50	140
50	141
50	142
50	144
50	146
50	148
50	149
50	150
50	154
50	155
50	157
50	158
50	162
50	163
50	164
50	166
50	167
50	168
50	169
50	171
50	172
50	173
50	176
50	177
50	178
50	180
50	190
50	191
50	194
50	195
50	196
50	199
50	200
50	201
50	203
50	204
50	205
50	206
50	207
50	208
50	209
50	210
50	211
50	212
50	213
50	214
50	215
50	216
50	217
50	218
50	219
50	220
50	221
50	222
50	223
50	224
50	225
50	226
50	227
50	228
50	229
50	230
50	231
50	232
50	233
50	234
50	235
50	236
50	237
50	238
50	239
50	240
50	241
50	242
50	243
50	244
50	245
50	246
50	247
50	248
50	249
50	250
50	251
50	252
50	253
50	254
50	255
50	256
50	257
50	258
50	259
50	260
50	261
50	262
50	263
50	264
50	265
50	266
50	267
50	268
50	269
50	270
50	271
50	272
50	273
50	274
50	275
50	276
50	277
50	278
50	279
50	280
51	18
51	19
51	28
51	43
51	55
51	56
51	71
51	75
51	158
51	172
52	40
52	190
53	7
53	10
53	13
53	14
53	19
53	23
53	30
53	31
53	33
53	37
53	38
53	39
53	42
53	43
53	46
53	50
53	65
53	68
53	79
53	88
53	110
53	120
53	125
53	131
53	164
53	165
53	166
53	168
53	171
53	175
53	191
53	192
53	193
53	194
53	199
53	230
53	231
53	246
53	280
53	281
53	282
53	283
54	1
54	10
54	28
54	30
54	31
54	56
54	71
54	72
54	75
54	91
54	120
54	123
54	145
54	154
54	157
54	181
54	275
54	284
54	285
54	286
54	287
54	288
54	289
54	290
54	291
54	292
54	293
54	294
54	295
54	296
55	14
56	8
56	30
56	31
56	37
56	38
56	52
56	280
57	230
58	14
58	112
58	150
59	1
59	2
59	3
59	4
59	5
59	6
59	7
59	8
59	10
59	11
59	12
59	13
59	14
59	15
59	17
59	18
59	19
59	20
59	21
59	22
59	23
59	24
59	25
59	26
59	27
59	28
59	29
59	30
59	31
59	32
59	33
59	36
59	37
59	38
59	39
59	40
59	42
59	43
59	44
59	46
59	47
59	48
59	50
59	54
59	55
59	56
59	58
59	59
59	60
59	65
59	68
59	69
59	70
59	71
59	72
59	75
59	76
59	77
59	79
59	80
59	81
59	82
59	83
59	84
59	87
59	88
59	89
59	91
59	92
59	104
59	106
59	107
59	109
59	110
59	111
59	112
59	113
59	114
59	116
59	117
59	118
59	119
59	120
59	123
59	124
59	125
59	128
59	130
59	131
59	132
59	136
59	138
59	140
59	141
59	143
59	145
59	146
59	147
59	149
59	151
59	153
59	154
59	155
59	157
59	158
59	159
59	161
59	162
59	163
59	164
59	165
59	167
59	168
59	169
59	171
59	172
59	173
59	175
59	176
59	178
59	180
59	181
59	182
59	183
59	185
59	187
59	193
59	194
59	196
59	197
59	199
59	201
59	202
59	204
59	208
59	213
59	216
59	217
59	219
59	221
59	222
59	223
59	224
59	225
59	227
59	230
59	234
59	235
59	236
59	237
59	240
59	241
59	244
59	246
59	247
59	250
59	251
59	252
59	254
59	263
59	264
59	266
59	269
59	271
59	273
59	280
59	295
59	297
59	298
59	299
59	300
59	301
59	302
59	303
59	304
59	305
59	306
59	307
59	308
59	309
59	310
59	311
59	312
59	313
59	314
59	315
59	316
59	317
59	318
59	319
59	320
59	321
59	322
59	323
59	324
59	325
59	326
59	327
59	328
59	329
59	330
59	331
59	332
59	333
59	334
59	335
59	336
59	337
59	338
59	339
59	340
59	341
59	342
59	343
60	14
60	19
61	1
61	2
61	3
61	6
61	7
61	9
61	10
61	11
61	12
61	13
61	14
61	15
61	17
61	18
61	19
61	22
61	24
61	25
61	26
61	28
61	30
61	31
61	34
61	38
61	39
61	42
61	44
61	46
61	47
61	51
61	52
61	53
61	54
61	56
61	60
61	65
61	68
61	69
61	77
61	78
61	79
61	87
61	88
61	91
61	106
61	109
61	110
61	114
61	117
61	119
61	124
61	125
61	135
61	138
61	141
61	146
61	148
61	151
61	154
61	155
61	156
61	163
61	165
61	166
61	169
61	171
61	176
61	177
61	178
61	182
61	196
61	200
61	207
61	210
61	214
61	216
61	219
61	223
61	243
61	252
61	265
61	266
61	267
61	272
61	280
61	306
61	315
61	331
61	343
61	344
61	345
61	346
61	347
61	348
61	349
62	77
63	2
63	7
63	8
63	9
63	10
63	11
63	13
63	14
63	18
63	19
63	23
63	24
63	25
63	26
63	36
63	37
63	38
63	39
63	40
63	41
63	42
63	44
63	45
63	49
63	51
63	52
63	55
63	56
63	58
63	59
63	60
63	68
63	76
63	77
63	81
63	88
63	91
63	94
63	95
63	105
63	106
63	109
63	113
63	117
63	118
63	119
63	120
63	123
63	126
63	130
63	138
63	141
63	143
63	146
63	148
63	149
63	150
63	152
63	154
63	155
63	158
63	160
63	162
63	163
63	164
63	165
63	172
63	175
63	180
63	183
63	199
63	200
63	204
63	208
63	214
63	219
63	223
63	225
63	230
63	234
63	235
63	238
63	240
63	241
63	242
63	247
63	252
63	272
63	273
63	281
63	286
63	287
63	288
63	289
63	290
63	291
63	292
63	293
63	305
63	306
63	326
63	350
63	351
63	352
63	353
63	354
63	355
64	6
64	9
64	10
64	14
64	65
64	88
64	109
64	118
64	138
64	356
65	1
65	3
65	9
65	10
65	12
65	13
65	14
65	15
65	16
65	17
65	18
65	19
65	22
65	23
65	24
65	29
65	30
65	36
65	39
65	40
65	42
65	43
65	44
65	47
65	50
65	51
65	55
65	60
65	65
65	69
65	71
65	72
65	75
65	77
65	78
65	79
65	88
65	92
65	97
65	109
65	110
65	114
65	119
65	120
65	122
65	125
65	131
65	141
65	146
65	148
65	154
65	155
65	157
65	160
65	164
65	165
65	167
65	169
65	171
65	173
65	175
65	176
65	178
65	180
65	181
65	216
65	222
65	223
65	227
65	246
65	276
65	278
65	281
65	295
65	319
65	322
65	357
65	358
65	359
65	360
66	11
66	15
66	16
66	91
66	138
66	308
67	14
67	77
67	110
67	138
67	219
68	2
68	3
68	14
68	19
68	24
68	164
69	11
69	14
69	15
69	16
69	29
69	36
69	65
69	78
69	110
69	126
69	138
69	148
69	168
69	227
69	308
70	14
70	88
71	46
71	125
72	117
73	306
74	193
74	194
75	19
75	89
75	149
75	228
76	2
76	18
76	136
76	141
76	166
77	141
78	223
79	223
80	76
80	120
80	168
81	18
82	8
82	14
82	24
82	38
82	39
82	48
82	110
82	141
82	149
82	194
82	316
82	361
82	362
83	7
83	14
83	46
84	93
85	15
86	8
86	10
86	88
86	219
87	6
88	119
88	141
88	182
88	216
89	19
90	9
90	10
90	14
90	19
90	24
90	363
91	10
91	22
91	24
91	28
92	1
92	5
92	6
92	7
92	8
92	9
92	10
92	12
92	13
92	14
92	15
92	17
92	18
92	19
92	22
92	23
92	24
92	27
92	28
92	32
92	33
92	38
92	39
92	42
92	43
92	46
92	47
92	50
92	53
92	55
92	59
92	60
92	65
92	71
92	75
92	79
92	81
92	88
92	117
92	118
92	119
92	120
92	121
92	122
92	126
92	135
92	140
92	142
92	148
92	157
92	158
92	161
92	162
92	163
92	164
92	172
92	173
92	175
92	178
92	208
92	223
92	224
92	227
92	230
92	240
92	241
92	254
92	256
92	270
92	273
92	314
92	325
92	338
92	364
92	365
92	366
92	367
92	368
93	2
93	3
93	5
93	7
93	8
93	9
93	10
93	11
93	13
93	14
93	15
93	16
93	17
93	18
93	19
93	21
93	22
93	23
93	24
93	25
93	27
93	28
93	29
93	30
93	31
93	35
93	36
93	37
93	38
93	39
93	40
93	43
93	44
93	45
93	46
93	48
93	49
93	50
93	51
93	52
93	55
93	56
93	57
93	59
93	63
93	65
93	68
93	69
93	70
93	71
93	72
93	75
93	76
93	77
93	78
93	79
93	83
93	84
93	85
93	86
93	87
93	88
93	89
93	91
93	95
93	106
93	113
93	114
93	116
93	117
93	118
93	122
93	123
93	125
93	127
93	128
93	130
93	131
93	136
93	138
93	140
93	141
93	143
93	146
93	148
93	149
93	150
93	157
93	158
93	166
93	168
93	169
93	172
93	174
93	175
93	176
93	177
93	178
93	180
93	189
93	193
93	194
93	198
93	200
93	202
93	203
93	204
93	210
93	216
93	218
93	219
93	223
93	224
93	225
93	234
93	238
93	239
93	242
93	246
93	252
93	265
93	270
93	271
93	272
93	275
93	280
93	295
93	304
93	307
93	308
93	309
93	314
93	321
93	345
93	346
93	349
93	355
93	357
93	358
93	369
93	370
93	371
93	372
93	373
93	374
93	375
93	376
94	19
95	2
95	3
95	4
95	14
95	15
95	24
95	46
95	55
95	88
95	114
95	125
95	204
95	216
95	239
95	306
95	316
95	377
96	18
97	2
97	5
97	13
97	22
97	24
97	32
97	38
97	39
97	59
97	73
97	89
97	138
97	140
97	162
97	168
97	335
98	14
98	78
98	80
98	126
99	19
100	54
100	82
100	138
100	177
100	234
100	235
100	236
100	323
101	121
101	182
101	378
102	14
102	19
102	128
103	14
103	65
104	19
105	14
105	18
105	19
105	24
105	112
105	128
105	131
105	154
105	234
106	201
107	9
107	12
107	14
107	18
107	21
107	24
107	32
107	47
107	113
107	116
107	140
107	143
107	167
107	178
107	222
107	227
107	234
108	5
108	6
108	14
108	33
108	37
108	38
108	39
108	154
108	252
108	379
109	38
110	7
110	59
110	117
110	118
110	119
110	162
110	163
110	164
111	15
111	16
111	150
112	19
112	63
113	33
113	204
114	78
115	380
116	14
116	36
116	49
116	125
116	130
117	18
118	19
119	7
119	8
119	14
119	15
119	19
119	21
119	27
119	30
119	31
119	34
119	35
119	37
119	38
119	39
119	41
119	42
119	44
119	52
119	59
119	65
119	68
119	69
119	72
119	77
119	78
119	81
119	91
119	109
119	113
119	117
119	118
119	119
119	141
119	144
119	148
119	154
119	162
119	163
119	164
119	175
119	176
119	203
119	219
119	272
119	280
119	305
119	308
119	345
119	381
120	1
120	7
120	8
120	9
120	10
120	11
120	15
120	23
120	24
120	25
120	28
120	35
120	37
120	38
120	39
120	40
120	43
120	47
120	52
120	54
120	58
120	59
120	65
120	73
120	109
120	113
120	117
120	118
120	119
120	126
120	131
120	135
120	138
120	146
120	151
120	152
120	154
120	162
120	163
120	164
120	168
120	171
120	175
120	176
120	196
120	200
120	210
120	221
120	224
120	240
120	241
120	265
120	266
120	267
120	268
120	331
120	349
120	359
120	382
120	383
120	384
120	385
121	5
121	48
121	60
121	308
122	46
123	6
123	10
123	14
123	18
123	34
123	40
123	44
123	47
123	55
123	68
123	79
123	106
123	118
123	120
123	121
123	125
123	131
123	137
123	143
123	175
123	176
123	182
123	238
123	240
123	358
123	386
124	25
124	28
124	40
124	119
124	151
124	195
124	242
124	387
125	252
126	2
126	3
126	7
126	8
126	9
126	10
126	11
126	12
126	14
126	16
126	18
126	19
126	24
126	31
126	33
126	37
126	39
126	40
126	42
126	43
126	44
126	47
126	48
126	50
126	51
126	55
126	58
126	60
126	63
126	69
126	73
126	77
126	80
126	86
126	88
126	94
126	95
126	109
126	110
126	113
126	114
126	117
126	118
126	127
126	131
126	138
126	146
126	149
126	154
126	158
126	173
126	176
126	178
126	180
126	191
126	210
126	224
126	247
126	252
126	262
126	283
126	294
126	305
126	330
126	343
126	349
126	384
126	388
126	389
126	390
126	391
126	392
126	393
126	394
127	14
127	42
128	281
129	145
130	30
130	31
130	124
130	191
130	298
130	310
130	373
131	13
131	88
131	204
132	14
132	23
132	88
132	204
132	395
133	19
134	194
134	267
135	5
135	6
135	14
135	33
135	154
136	14
137	306
138	19
139	170
139	260
139	279
139	354
139	396
140	52
140	69
140	168
140	316
141	19
142	2
142	7
142	15
142	17
142	18
142	24
142	27
142	37
142	38
142	39
142	46
142	50
142	69
142	72
142	84
142	106
142	125
142	131
142	140
142	141
142	163
142	169
142	175
142	252
142	308
142	343
142	362
143	18
144	225
145	5
145	7
145	9
145	10
145	12
145	13
145	14
145	18
145	19
145	20
145	22
145	23
145	26
145	28
145	29
145	31
145	36
145	38
145	42
145	43
145	44
145	46
145	48
145	50
145	55
145	57
145	60
145	65
145	68
145	69
145	71
145	73
145	75
145	78
145	79
145	81
145	86
145	88
145	94
145	106
145	113
145	114
145	119
145	122
145	123
145	125
145	126
145	132
145	136
145	141
145	142
145	144
145	145
145	148
145	149
145	150
145	154
145	158
145	166
145	171
145	175
145	176
145	177
145	178
145	181
145	183
145	186
145	191
145	199
145	200
145	201
145	216
145	220
145	222
145	223
145	224
145	225
145	230
145	231
145	242
145	247
145	252
145	281
145	294
145	306
145	308
145	313
145	359
145	360
145	364
145	385
145	397
145	398
145	399
145	400
145	401
146	14
146	88
147	2
147	9
147	10
147	13
147	14
147	22
147	23
147	25
147	27
147	28
147	29
147	30
147	31
147	36
147	38
147	41
147	43
147	45
147	46
147	49
147	50
147	56
147	65
147	68
147	71
147	72
147	73
147	77
147	78
147	79
147	88
147	106
147	110
147	116
147	120
147	123
147	124
147	125
147	130
147	131
147	139
147	140
147	141
147	142
147	148
147	156
147	165
147	166
147	181
147	191
147	192
147	194
147	195
147	199
147	201
147	202
147	216
147	222
147	223
147	225
147	227
147	230
147	231
147	242
147	252
147	280
147	295
147	357
147	358
147	402
147	403
148	404
149	18
149	19
149	37
149	38
149	52
149	70
150	97
150	179
150	196
150	262
150	263
150	264
150	265
150	266
150	268
150	331
150	382
150	383
151	19
152	14
153	133
153	184
153	405
154	14
154	158
155	9
155	69
155	83
155	89
155	157
155	406
155	407
156	2
156	51
156	146
156	167
156	204
156	224
157	138
158	204
159	1
159	3
159	7
159	8
159	9
159	10
159	12
159	14
159	15
159	16
159	19
159	29
159	34
159	36
159	39
159	40
159	41
159	42
159	46
159	47
159	49
159	50
159	57
159	59
159	60
159	65
159	68
159	71
159	72
159	78
159	88
159	106
159	107
159	109
159	113
159	114
159	117
159	118
159	119
159	131
159	136
159	140
159	148
159	154
159	160
159	162
159	163
159	164
159	165
159	167
159	175
159	181
159	191
159	199
159	216
159	230
159	231
159	282
159	283
159	294
159	302
159	305
159	358
159	360
160	280
161	15
161	16
161	36
161	80
161	149
162	14
162	77
162	168
162	227
163	1
163	2
163	3
163	5
163	6
163	7
163	10
163	11
163	13
163	14
163	15
163	16
163	17
163	19
163	23
163	24
163	25
163	28
163	30
163	33
163	36
163	39
163	41
163	42
163	44
163	45
163	47
163	49
163	51
163	52
163	55
163	59
163	69
163	71
163	72
163	75
163	77
163	79
163	80
163	81
163	86
163	94
163	104
163	114
163	115
163	117
163	118
163	119
163	120
163	121
163	123
163	124
163	126
163	127
163	135
163	138
163	140
163	146
163	149
163	156
163	158
163	162
163	168
163	169
163	173
163	175
163	180
163	182
163	183
163	185
163	191
163	193
163	194
163	196
163	199
163	202
163	216
163	219
163	223
163	224
163	227
163	229
163	230
163	234
163	238
163	239
163	240
163	241
163	242
163	246
163	259
163	265
163	266
163	267
163	268
163	269
163	305
163	308
163	310
163	314
163	323
163	326
163	327
163	331
163	333
163	343
163	345
163	358
163	362
163	364
163	374
163	379
163	380
163	382
163	383
163	408
163	409
163	410
163	411
163	412
164	8
164	30
164	31
164	37
164	38
164	39
164	52
164	280
165	135
166	28
166	43
166	55
166	71
166	75
166	158
167	28
167	34
167	43
167	55
167	65
167	71
167	75
167	158
168	204
169	1
169	5
169	8
169	11
169	12
169	15
169	18
169	22
169	29
169	37
169	38
169	39
169	46
169	48
169	60
169	71
169	72
169	84
169	118
169	120
169	121
169	126
169	193
169	194
169	204
169	216
169	336
169	413
169	414
169	415
170	204
171	2
171	5
171	6
171	13
171	14
171	15
171	19
171	43
171	53
171	73
171	77
171	79
171	80
171	81
171	88
171	117
171	136
171	138
171	154
171	155
171	166
171	168
171	173
171	175
171	184
171	204
171	227
171	275
171	416
171	417
172	204
173	9
173	10
173	24
173	30
173	86
173	124
173	127
173	134
173	138
173	193
173	219
173	225
174	1
174	10
174	11
174	69
174	110
174	219
174	321
175	46
175	125
176	5
176	14
176	19
176	46
176	47
176	60
176	125
176	148
176	311
177	148
178	11
178	18
178	65
178	115
178	127
179	30
179	65
179	121
180	7
180	13
180	14
180	19
180	22
180	28
180	30
180	31
180	42
180	43
180	55
180	71
180	75
180	120
180	142
180	148
180	158
180	227
180	280
181	57
181	185
181	208
181	388
181	418
181	419
182	11
182	18
182	37
182	39
182	51
182	65
182	110
182	224
183	46
184	204
184	316
185	10
185	11
185	14
185	15
185	16
185	17
185	19
185	20
185	21
185	28
185	41
185	43
185	59
185	112
185	135
185	173
185	177
185	204
185	340
186	7
186	14
186	15
186	16
186	17
186	19
186	46
186	49
186	59
186	117
186	118
186	119
186	149
186	150
186	162
186	163
186	164
186	168
186	175
186	308
186	343
187	16
187	17
187	79
187	80
188	14
189	10
190	67
190	68
190	90
190	146
190	152
190	204
190	216
190	258
191	5
191	7
191	14
191	18
191	19
191	24
191	29
191	44
191	46
191	59
191	76
191	85
191	117
191	118
191	119
191	121
191	125
191	126
191	162
191	163
191	164
191	172
191	216
191	227
191	420
191	421
192	14
192	19
192	22
192	75
192	225
192	273
193	5
193	18
193	118
193	154
194	122
195	19
196	51
196	146
197	5
197	257
198	6
198	12
198	14
198	19
198	24
198	44
198	80
198	116
198	168
198	216
198	234
198	362
199	44
200	2
201	281
202	5
202	6
202	19
202	24
202	83
202	154
203	44
204	41
204	124
204	140
204	175
204	358
204	364
205	8
205	12
205	14
205	33
205	39
205	45
205	126
206	10
206	13
206	14
206	15
206	16
206	19
206	40
206	42
206	50
206	56
206	65
206	88
206	91
206	120
206	131
206	143
206	150
206	174
206	178
206	200
206	222
206	227
206	422
206	423
207	37
207	56
207	118
207	120
207	122
207	160
207	311
207	320
207	424
208	50
209	14
210	1
210	9
210	11
210	12
210	13
210	14
210	28
210	43
210	50
210	55
210	65
210	71
210	73
210	75
210	77
210	88
210	91
210	95
210	138
210	148
210	151
210	158
210	165
210	190
210	216
210	219
210	238
210	255
210	425
210	426
210	427
211	125
212	12
212	13
212	19
212	28
212	43
212	55
212	65
212	71
212	75
212	158
212	175
213	30
213	65
213	270
214	46
215	88
216	5
216	6
216	12
216	13
216	14
216	18
216	19
216	21
216	26
216	28
216	29
216	36
216	43
216	46
216	47
216	51
216	55
216	65
216	68
216	69
216	71
216	73
216	75
216	78
216	86
216	88
216	104
216	114
216	120
216	124
216	125
216	126
216	140
216	145
216	146
216	150
216	154
216	158
216	216
216	217
216	224
216	227
216	428
217	19
217	50
217	79
217	139
217	143
217	177
217	182
217	190
217	216
217	252
217	338
217	348
217	429
217	430
218	28
218	43
218	55
218	65
218	71
218	75
218	114
218	158
218	165
218	168
218	305
218	364
219	2
219	5
219	6
219	7
219	9
219	10
219	11
219	12
219	18
219	19
219	24
219	28
219	29
219	34
219	40
219	43
219	46
219	47
219	48
219	51
219	55
219	59
219	65
219	71
219	73
219	75
219	76
219	77
219	81
219	86
219	88
219	109
219	115
219	117
219	118
219	119
219	124
219	125
219	135
219	145
219	147
219	149
219	158
219	162
219	163
219	164
219	171
219	172
219	175
219	176
219	181
219	190
219	216
219	219
219	225
219	227
219	229
219	316
219	343
219	346
219	400
219	405
219	407
219	431
220	5
220	6
220	79
220	171
221	29
221	47
221	51
221	65
221	88
221	146
221	181
221	216
222	13
222	19
222	28
222	40
222	42
222	43
222	55
222	71
222	75
222	158
222	175
222	190
222	201
222	252
222	432
223	50
224	14
224	18
224	19
224	40
224	49
224	65
224	78
225	204
226	9
226	19
226	117
226	163
227	5
227	6
227	14
227	16
227	29
227	37
227	38
227	46
227	110
227	125
227	138
227	154
227	189
227	258
227	354
227	433
227	434
228	256
229	5
229	6
229	12
229	204
230	182
231	13
231	35
231	46
231	124
231	204
232	5
232	14
232	17
232	23
232	37
232	44
232	47
232	70
232	79
232	117
232	131
232	146
232	164
232	178
232	193
232	204
232	227
232	273
233	16
234	120
235	59
235	65
235	142
235	156
235	158
235	175
235	202
235	222
235	435
236	1
236	2
236	3
236	4
236	5
236	6
236	7
236	9
236	10
236	11
236	14
236	15
236	16
236	17
236	18
236	19
236	21
236	22
236	23
236	24
236	25
236	28
236	29
236	30
236	31
236	32
236	33
236	37
236	38
236	39
236	40
236	42
236	43
236	44
236	46
236	47
236	48
236	49
236	50
236	51
236	55
236	56
236	57
236	59
236	60
236	65
236	68
236	69
236	71
236	72
236	75
236	76
236	77
236	78
236	79
236	80
236	81
236	84
236	85
236	88
236	106
236	109
236	110
236	117
236	118
236	119
236	121
236	122
236	125
236	128
236	130
236	131
236	132
236	138
236	140
236	141
236	142
236	145
236	146
236	148
236	149
236	150
236	154
236	155
236	156
236	157
236	158
236	162
236	163
236	164
236	165
236	167
236	168
236	169
236	172
236	175
236	176
236	178
236	182
236	183
236	201
236	203
236	210
236	216
236	219
236	223
236	224
236	225
236	227
236	240
236	241
236	258
236	268
236	273
236	275
236	280
236	295
236	306
236	310
236	314
236	343
236	345
236	349
236	357
236	362
236	364
236	373
236	408
236	421
236	436
236	437
236	438
237	6
237	8
237	10
237	14
237	18
237	19
237	24
237	28
237	33
237	37
237	38
237	39
237	42
237	43
237	50
237	52
237	60
237	65
237	75
237	79
237	175
237	216
237	225
237	439
237	440
238	4
238	18
238	190
238	192
238	246
238	275
238	298
239	4
239	7
239	11
239	18
239	20
239	36
239	39
239	44
239	47
239	59
239	79
239	83
239	93
239	111
239	113
239	155
239	159
239	167
239	168
239	173
239	175
239	178
239	190
239	240
239	241
239	246
239	260
239	261
239	271
239	273
239	275
239	281
239	305
239	306
239	323
239	330
239	336
239	337
239	338
239	340
239	341
239	357
239	362
239	365
239	367
239	387
239	414
239	426
239	441
239	442
239	443
239	444
239	445
239	446
239	447
239	448
239	449
240	1
240	3
240	11
240	12
240	13
240	14
240	17
240	18
240	19
240	24
240	25
240	28
240	37
240	38
240	39
240	40
240	43
240	44
240	55
240	60
240	71
240	72
240	75
240	86
240	87
240	123
240	141
240	149
240	154
240	158
240	160
240	165
240	178
240	186
240	187
240	200
240	202
240	204
240	210
240	216
240	222
240	223
240	227
240	273
240	281
240	330
241	5
241	6
241	9
241	10
241	11
241	12
241	13
241	14
241	18
241	19
241	28
241	34
241	36
241	43
241	49
241	55
241	71
241	75
241	88
241	110
241	138
241	148
241	154
241	156
241	158
241	216
241	224
242	19
242	77
243	14
243	19
243	39
243	46
243	47
243	88
243	180
244	19
244	28
244	43
244	55
244	60
244	71
244	75
244	158
245	12
245	13
245	28
245	43
245	55
245	71
245	75
245	149
245	158
245	222
246	14
246	19
246	70
247	7
247	46
247	59
247	117
247	118
247	119
247	125
247	162
247	163
247	164
247	343
248	28
248	43
248	49
248	55
248	60
248	65
248	71
248	75
248	149
248	158
248	216
249	13
249	47
250	11
250	46
250	47
250	125
251	183
251	186
252	1
252	9
252	10
252	14
252	18
252	22
252	23
252	24
252	25
252	28
252	29
252	30
252	31
252	34
252	40
252	43
252	47
252	50
252	55
252	65
252	69
252	71
252	75
252	76
252	79
252	84
252	88
252	94
252	116
252	132
252	134
252	141
252	143
252	144
252	148
252	158
252	171
252	172
252	176
252	186
252	194
252	195
252	202
252	210
252	219
252	223
252	225
252	230
252	231
252	244
252	255
252	280
252	315
252	318
252	327
252	345
252	359
252	362
252	390
252	400
252	421
252	450
253	1
253	2
253	5
253	6
253	7
253	8
253	9
253	10
253	12
253	13
253	14
253	15
253	16
253	18
253	19
253	21
253	22
253	24
253	26
253	28
253	30
253	31
253	32
253	34
253	35
253	36
253	37
253	38
253	39
253	40
253	41
253	42
253	43
253	44
253	45
253	46
253	48
253	50
253	51
253	52
253	56
253	59
253	65
253	68
253	69
253	71
253	72
253	75
253	76
253	78
253	79
253	80
253	84
253	86
253	88
253	89
253	91
253	94
253	104
253	106
253	110
253	113
253	117
253	118
253	119
253	120
253	122
253	124
253	125
253	126
253	131
253	138
253	140
253	141
253	144
253	146
253	148
253	149
253	152
253	155
253	156
253	158
253	162
253	163
253	164
253	165
253	166
253	173
253	174
253	175
253	176
253	177
253	178
253	179
253	187
253	191
253	195
253	199
253	204
253	210
253	216
253	222
253	223
253	224
253	230
253	231
253	234
253	238
253	240
253	241
253	242
253	253
253	256
253	257
253	258
253	270
253	272
253	280
253	301
253	310
253	311
253	314
253	315
253	326
253	328
253	335
253	345
253	353
253	358
253	372
253	376
253	391
253	410
253	413
253	433
253	434
253	451
253	452
253	453
253	454
253	455
254	10
254	37
254	76
254	130
254	154
254	307
255	5
255	7
255	9
255	14
255	21
255	22
255	24
255	28
255	30
255	43
255	48
255	50
255	51
255	55
255	71
255	75
255	81
255	106
255	110
255	120
255	146
255	156
255	162
255	169
255	176
255	222
255	272
256	88
257	2
257	5
257	8
257	14
257	23
257	24
257	37
257	39
257	40
257	42
257	50
257	65
257	78
257	80
257	106
257	113
257	117
257	122
257	131
257	154
257	157
257	172
257	316
257	387
258	2
258	18
259	149
260	6
260	12
260	13
260	14
260	28
260	33
260	35
260	40
260	43
260	45
260	46
260	47
260	55
260	58
260	65
260	69
260	71
260	75
260	80
260	86
260	125
260	130
260	158
260	216
260	227
260	272
260	305
260	339
260	456
261	5
261	6
261	11
261	12
261	13
261	14
261	18
261	19
261	28
261	68
261	78
261	84
261	136
261	142
261	163
261	174
261	201
261	204
261	224
261	280
261	296
261	457
261	458
261	459
262	1
262	9
262	10
262	14
262	18
262	19
262	21
262	24
262	26
262	36
262	44
262	46
262	47
262	58
262	59
262	68
262	69
262	75
262	79
262	88
262	89
262	94
262	109
262	110
262	114
262	118
262	121
262	125
262	127
262	130
262	134
262	138
262	140
262	154
262	157
262	164
262	169
262	183
262	185
262	219
262	224
262	229
262	234
262	255
262	318
262	405
262	413
262	437
263	33
263	69
263	109
263	130
263	134
263	150
263	172
263	319
263	325
263	408
264	5
264	6
264	14
264	15
264	16
264	17
264	50
264	138
264	150
264	154
265	48
265	55
265	160
265	242
265	364
266	15
266	16
266	28
266	43
266	55
266	71
266	75
266	150
266	158
267	234
268	7
268	19
268	55
268	56
268	119
268	162
269	1
269	7
269	9
269	10
269	12
269	13
269	14
269	15
269	18
269	19
269	28
269	29
269	43
269	44
269	46
269	59
269	65
269	88
269	91
269	117
269	118
269	119
269	125
269	141
269	145
269	162
269	163
269	164
269	181
269	216
269	274
269	339
269	384
269	460
270	19
270	24
270	28
270	43
270	93
270	171
271	3
271	5
271	6
271	11
271	14
271	15
271	16
271	17
271	19
271	20
271	23
271	24
271	36
271	43
271	44
271	47
271	50
271	55
271	79
271	88
271	120
271	121
271	150
271	167
271	177
271	227
271	246
271	252
271	308
271	343
271	345
272	12
272	14
272	65
272	124
272	133
272	422
273	14
273	18
274	3
274	20
275	5
275	14
275	15
275	48
275	308
276	14
276	16
276	17
276	24
276	36
276	91
276	138
276	148
276	461
277	177
278	69
279	6
279	15
279	21
279	34
279	46
279	51
279	65
279	68
279	85
279	88
279	91
279	130
279	140
279	146
279	150
279	154
279	176
279	183
279	308
279	421
280	65
281	7
281	15
281	18
281	19
281	23
281	26
281	28
281	42
281	43
281	47
281	51
281	59
281	60
281	71
281	72
281	109
281	110
281	117
281	118
281	119
281	143
281	146
281	148
281	149
281	154
281	162
281	163
281	164
281	165
281	166
281	190
281	214
281	223
281	343
281	373
282	1
282	5
282	6
282	7
282	8
282	9
282	10
282	11
282	12
282	13
282	14
282	18
282	19
282	21
282	22
282	23
282	24
282	25
282	26
282	28
282	29
282	30
282	32
282	34
282	37
282	38
282	39
282	41
282	42
282	43
282	44
282	46
282	48
282	50
282	51
282	52
282	55
282	56
282	59
282	60
282	65
282	71
282	72
282	73
282	75
282	77
282	79
282	81
282	88
282	91
282	106
282	110
282	113
282	117
282	118
282	119
282	120
282	121
282	122
282	124
282	125
282	127
282	130
282	138
282	146
282	148
282	150
282	154
282	155
282	156
282	158
282	161
282	162
282	163
282	164
282	165
282	166
282	172
282	190
282	191
282	192
282	193
282	194
282	199
282	200
282	202
282	204
282	216
282	219
282	222
282	223
282	224
282	225
282	227
282	230
282	231
282	242
282	252
282	262
282	266
282	268
282	275
282	295
282	298
282	316
282	335
282	343
282	357
282	425
282	462
283	193
283	194
284	144
285	14
285	29
285	44
285	46
285	48
285	55
285	68
285	84
285	88
285	91
285	110
285	125
285	126
285	145
285	166
285	167
285	168
285	180
285	181
285	182
285	202
285	210
285	216
285	223
285	225
285	259
285	268
285	278
285	315
285	319
286	8
286	33
286	37
286	38
286	42
286	52
287	41
288	6
288	76
289	106
290	10
290	12
290	14
290	23
290	27
290	28
290	41
290	43
290	44
290	55
290	56
290	68
290	71
290	75
290	78
290	88
290	106
290	113
290	120
290	122
290	130
290	139
290	141
290	142
290	148
290	158
290	165
290	169
290	171
290	202
290	238
290	239
290	295
290	307
290	316
290	360
290	407
290	437
290	463
291	18
291	84
291	86
291	117
291	123
291	177
291	346
292	106
293	14
294	14
294	73
295	65
295	118
296	9
296	14
296	28
296	46
296	68
296	71
296	121
296	140
296	156
297	12
297	13
298	122
299	18
299	19
299	47
299	78
299	137
299	157
299	216
300	14
301	16
301	340
302	5
302	6
302	9
302	10
302	11
302	12
302	13
302	14
302	15
302	16
302	17
302	28
302	29
302	31
302	36
302	43
302	44
302	46
302	47
302	55
302	56
302	65
302	71
302	75
302	88
302	138
302	145
302	146
302	157
302	158
302	172
302	175
302	184
302	185
302	189
302	210
302	216
302	227
302	245
302	295
303	14
304	1
304	3
304	5
304	6
304	7
304	8
304	10
304	13
304	14
304	15
304	16
304	17
304	18
304	19
304	21
304	23
304	24
304	26
304	27
304	28
304	30
304	31
304	32
304	33
304	34
304	35
304	37
304	38
304	39
304	43
304	45
304	46
304	47
304	48
304	50
304	51
304	52
304	53
304	54
304	55
304	56
304	58
304	59
304	60
304	65
304	68
304	69
304	70
304	71
304	75
304	76
304	77
304	79
304	80
304	81
304	84
304	88
304	93
304	109
304	110
304	113
304	114
304	117
304	118
304	119
304	120
304	130
304	131
304	134
304	138
304	142
304	144
304	146
304	148
304	155
304	156
304	157
304	158
304	162
304	163
304	164
304	165
304	172
304	173
304	178
304	181
304	191
304	195
304	199
304	202
304	210
304	217
304	222
304	223
304	224
304	225
304	230
304	231
304	234
304	238
304	242
304	253
304	260
304	272
304	273
304	280
304	295
304	316
304	325
304	335
304	357
304	409
304	445
304	464
305	56
306	21
306	30
306	31
306	88
306	126
306	280
307	2
307	6
307	7
307	9
307	10
307	11
307	12
307	13
307	14
307	17
307	18
307	19
307	21
307	22
307	23
307	24
307	28
307	29
307	30
307	31
307	32
307	33
307	35
307	37
307	38
307	39
307	40
307	41
307	43
307	44
307	46
307	47
307	48
307	50
307	51
307	52
307	55
307	57
307	59
307	60
307	65
307	68
307	69
307	71
307	73
307	77
307	81
307	84
307	88
307	109
307	110
307	113
307	117
307	118
307	119
307	121
307	124
307	125
307	131
307	138
307	140
307	141
307	142
307	146
307	149
307	162
307	163
307	164
307	167
307	168
307	171
307	173
307	175
307	178
307	182
307	200
307	203
307	204
307	210
307	219
307	223
307	225
307	227
307	247
307	252
307	268
307	272
307	280
307	307
307	310
307	311
307	345
307	348
307	358
307	364
307	368
307	373
307	390
307	465
308	69
308	165
308	224
308	253
309	46
309	125
310	5
310	6
310	13
310	15
310	17
310	24
310	26
310	42
310	51
310	75
310	79
310	80
310	81
310	90
310	93
310	106
310	127
310	128
310	130
310	138
310	146
310	149
310	154
310	213
310	219
310	224
310	243
311	12
311	13
312	65
313	18
313	19
313	68
313	120
313	156
314	7
314	28
314	29
314	75
314	79
314	114
314	118
314	128
314	168
314	196
314	466
315	31
315	60
315	116
316	149
317	7
317	12
317	13
317	59
317	117
317	118
317	119
317	124
317	140
317	162
317	163
317	164
318	12
318	28
318	43
318	55
318	71
318	75
318	158
318	240
319	11
319	13
319	14
319	19
319	46
319	49
319	91
319	125
319	238
319	252
320	24
320	65
320	125
320	175
320	194
320	238
320	252
321	5
321	6
321	9
321	18
321	24
321	28
321	29
321	30
321	46
321	47
321	65
321	73
321	88
321	109
321	113
321	117
321	142
321	145
321	154
321	200
321	216
322	47
323	6
323	14
323	17
323	19
323	21
323	27
323	28
323	30
323	43
323	44
323	86
323	117
323	142
323	149
323	191
323	199
323	203
323	216
323	222
323	227
323	230
323	231
323	245
323	282
323	283
323	305
323	349
323	365
323	380
324	263
324	328
324	400
324	412
325	18
325	86
325	362
326	38
326	65
326	86
326	114
326	126
326	150
326	185
326	187
326	219
326	254
326	261
326	453
326	460
327	10
327	31
327	65
327	113
327	349
328	4
328	5
328	6
328	7
328	8
328	9
328	10
328	12
328	13
328	14
328	15
328	16
328	17
328	18
328	22
328	24
328	26
328	27
328	28
328	29
328	30
328	31
328	32
328	34
328	35
328	36
328	37
328	38
328	39
328	40
328	41
328	42
328	43
328	46
328	47
328	48
328	50
328	51
328	53
328	55
328	56
328	58
328	60
328	65
328	68
328	69
328	73
328	77
328	78
328	81
328	88
328	91
328	94
328	109
328	110
328	113
328	114
328	117
328	118
328	119
328	120
328	121
328	124
328	125
328	126
328	128
328	129
328	130
328	131
328	138
328	140
328	141
328	144
328	146
328	149
328	155
328	172
328	173
328	176
328	178
328	194
328	200
328	204
328	210
328	214
328	223
328	224
328	225
328	234
328	244
328	253
328	263
328	267
328	273
328	280
328	286
328	287
328	288
328	289
328	290
328	291
328	292
328	293
328	305
328	314
328	343
328	349
328	357
328	364
328	405
328	425
328	445
328	467
328	468
328	469
328	470
328	471
328	472
329	29
329	145
329	216
330	11
330	14
330	18
330	40
330	47
330	50
330	65
330	68
330	91
330	109
330	113
330	167
330	175
330	246
330	321
330	473
331	18
331	182
332	2
332	3
332	15
332	16
332	17
332	43
332	88
332	106
332	109
332	127
332	138
332	146
332	150
333	306
334	14
334	50
335	88
336	1
336	9
336	10
336	13
336	14
336	65
336	116
336	122
336	144
336	147
336	153
336	212
336	262
336	298
336	367
336	368
336	384
336	456
336	460
336	461
336	474
336	475
337	19
338	12
338	14
338	18
338	33
338	35
338	43
338	47
338	110
338	124
338	138
338	217
338	362
339	1
339	15
339	17
339	30
339	31
339	41
339	175
339	280
340	11
340	22
340	50
340	110
340	135
340	252
340	281
341	1
341	5
341	6
341	7
341	23
341	28
341	29
341	33
341	43
341	55
341	59
341	71
341	75
341	81
341	88
341	117
341	118
341	119
341	132
341	136
341	141
341	146
341	154
341	158
341	162
341	163
341	164
341	169
341	175
341	210
341	227
341	258
341	433
341	434
342	5
342	6
342	15
342	16
342	22
342	146
342	150
342	154
343	9
343	106
343	161
343	217
343	225
343	278
343	454
344	364
345	7
345	14
345	53
345	54
345	58
345	126
345	128
345	129
345	131
345	132
345	143
345	154
345	157
345	199
345	222
345	229
345	244
345	255
345	346
345	405
345	461
346	44
346	51
346	88
346	146
347	10
347	11
347	14
347	50
347	117
347	120
347	188
347	192
347	200
347	441
348	7
348	10
348	88
348	320
349	7
349	46
349	59
349	117
349	118
349	119
349	125
349	161
349	162
349	163
349	164
349	236
349	271
349	343
349	476
350	1
350	58
350	59
351	28
351	110
351	349
352	50
353	4
353	5
353	6
353	12
353	21
353	28
353	29
353	36
353	49
353	55
353	76
353	79
353	80
353	88
353	106
353	120
353	121
353	122
353	124
353	148
353	150
353	154
353	155
353	156
353	159
353	163
353	182
353	202
353	203
353	222
353	227
354	5
355	5
355	6
355	10
355	11
355	14
355	18
355	50
355	55
355	68
355	112
355	175
355	180
356	11
356	12
356	13
356	18
356	30
356	47
356	86
356	116
356	141
356	176
356	178
356	204
356	349
356	374
357	14
357	110
357	138
357	178
358	175
359	18
359	68
360	191
360	199
360	230
360	231
361	51
361	131
361	146
362	7
362	13
362	14
362	124
362	178
363	19
363	175
364	1
364	2
364	5
364	7
364	8
364	9
364	10
364	11
364	13
364	14
364	15
364	17
364	18
364	19
364	21
364	22
364	23
364	24
364	25
364	26
364	28
364	29
364	30
364	31
364	32
364	33
364	34
364	35
364	36
364	37
364	38
364	39
364	41
364	43
364	46
364	47
364	48
364	49
364	50
364	51
364	52
364	53
364	54
364	56
364	57
364	60
364	65
364	68
364	69
364	70
364	71
364	72
364	73
364	77
364	78
364	80
364	81
364	86
364	88
364	90
364	91
364	92
364	93
364	97
364	104
364	106
364	107
364	109
364	110
364	112
364	114
364	120
364	121
364	122
364	123
364	125
364	128
364	130
364	131
364	134
364	138
364	140
364	141
364	142
364	145
364	146
364	148
364	150
364	154
364	157
364	158
364	160
364	162
364	163
364	166
364	169
364	172
364	173
364	175
364	177
364	178
364	180
364	182
364	191
364	192
364	193
364	194
364	196
364	199
364	204
364	210
364	214
364	216
364	217
364	219
364	222
364	223
364	224
364	225
364	227
364	230
364	231
364	234
364	239
364	243
364	244
364	252
364	255
364	258
364	259
364	260
364	261
364	262
364	264
364	265
364	267
364	269
364	272
364	273
364	276
364	281
364	282
364	283
364	305
364	316
364	328
364	345
364	349
364	357
364	362
364	364
364	367
364	402
364	403
364	425
364	428
364	433
364	434
364	437
364	443
364	447
364	477
364	478
364	479
364	480
364	481
364	482
364	483
364	484
364	485
364	486
364	487
364	488
365	13
365	60
365	124
366	10
366	15
366	16
366	19
366	89
366	141
366	162
366	169
366	204
366	216
366	228
367	121
368	150
369	17
369	138
369	178
369	192
369	193
369	194
369	273
370	8
370	14
370	15
370	17
370	18
370	19
370	23
370	24
370	26
370	31
370	32
370	37
370	38
370	39
370	46
370	48
370	50
370	51
370	55
370	59
370	65
370	68
370	106
370	109
370	114
370	125
370	131
370	143
370	148
370	155
370	165
370	167
370	172
370	177
370	180
370	192
370	204
370	214
370	216
370	219
370	223
370	224
370	230
370	313
370	316
370	400
370	405
371	36
371	38
371	124
371	281
372	227
372	489
373	28
373	43
373	71
373	75
373	120
373	158
374	22
374	28
374	43
374	56
374	71
374	72
374	120
374	222
375	42
375	56
375	130
375	135
375	136
375	225
375	252
376	3
376	5
376	14
376	18
376	19
376	29
376	47
376	75
376	86
376	92
376	135
376	143
376	170
376	178
376	187
376	191
376	196
376	198
376	213
376	252
376	305
376	401
376	428
376	490
376	491
377	2
377	6
377	8
377	9
377	10
377	12
377	14
377	15
377	16
377	17
377	18
377	19
377	23
377	24
377	28
377	29
377	30
377	31
377	33
377	36
377	37
377	38
377	39
377	40
377	42
377	43
377	44
377	46
377	50
377	51
377	52
377	53
377	55
377	56
377	58
377	60
377	65
377	71
377	73
377	75
377	77
377	78
377	88
377	91
377	94
377	106
377	109
377	112
377	113
377	123
377	124
377	125
377	138
377	140
377	146
377	148
377	154
377	158
377	165
377	166
377	171
377	172
377	173
377	175
377	177
377	182
377	200
377	210
377	219
377	223
377	225
377	227
377	254
377	280
377	286
377	287
377	288
377	289
377	290
377	291
377	292
377	293
377	298
377	328
377	349
377	372
377	409
377	445
377	471
377	492
377	493
377	494
378	2
378	9
378	10
378	13
378	14
378	17
378	18
378	19
378	24
378	28
378	30
378	34
378	35
378	37
378	40
378	42
378	43
378	45
378	46
378	51
378	65
378	75
378	77
378	84
378	87
378	88
378	106
378	109
378	110
378	124
378	126
378	127
378	131
378	135
378	146
378	148
378	158
378	169
378	171
378	191
378	193
378	216
378	222
378	223
378	242
378	327
378	362
378	495
379	80
379	81
380	10
380	14
380	24
380	28
380	43
380	71
380	77
380	158
380	168
380	227
381	2
382	19
382	148
382	150
382	160
382	281
382	295
382	362
383	9
383	10
383	14
383	116
383	148
